0.971586 1.02882
1.40877 0.661104
1.36479 0.69182
1.35706 0.697344
1.31329 0.729333
1.06558 0.936502
1.06174 0.940111
1.04131 0.959523
1.00829 0.991748
0.994662 1.00535
0.981931 1.01823
1.42708 0.64866
0.965381 1.03523
0.942828 1.05885
0.916724 1.0869
0.91033 1.09388
0.870556 1.13841
0.00061704 4.09998
0.816343 1.20227
0.802523 1.21918
0.000596078 3.90294
1.71281 0.477836
2.07462 0.313202
2.04821 0.323583
2.01817 0.335676
2.01006 0.338995
1.97993 0.35153
1.89759 0.38747
1.85577 0.406702
1.83432 0.416838
1.79606 0.435375
0.770351 1.25957
1.6928 0.488495
1.62663 0.525054
1.62238 0.527472
1.58438 0.549492
1.57079 0.557543
1.55945 0.564331
1.49248 0.605797
1.48827 0.608481
1.43739 0.641745
0.107425 2.79639
0.439821 1.78706
0.392849 1.88574
0.386765 1.89915
0.0829744 2.93076
0.37156 1.93333
0.090484 2.88726
0.0923117 2.877
0.346579 1.99174
0.338224 2.01194
0.491063 1.68803
0.317747 2.06298
0.117331 2.74718
0.146383 2.61598
0.23969 2.28136
0.184021 2.46811
0.223302 2.33311
0.21819 2.34976
0.213314 2.36588
0.199102 2.41427
0.603524 1.49605
0.000944465 3.87802
0.754178 1.28044
0.703071 1.3491
0.00487861 3.72549
0.679192 1.38267
0.652836 1.4209
0.647205 1.42924
0.629025 1.45658
0.612188 1.48249
4.00762 3.62946e-06
0.581044 1.53199
0.579035 1.53526
0.572198 1.54645
0.563197 1.56134
0.0266236 3.37395
0.532342 1.61387
0.0373558 3.26425
0.497086 1.67691
0.496763 1.67751
3.01311 0.0697849
2.70645 0.125933
2.36322 0.214113
2.54719 0.163222
3.00292 0.0713453
3.30103 0.0335352
2.46648 0.184469
3.0254 0.0679297
2.85836 0.0956867
2.52941 0.167762
2.86679 0.0941505
3.50764 0.0161625
0.700175 1.35312
0.0860019 2.91296
0.37513 1.92522
0.0883308 2.89951
0.369246 1.93862
1.16519 0.847428
1.15719 0.854278
1.17521 0.838922
1.48403 0.611197
2.50447 0.174263
0.0341998 3.29447
1.56955 0.558282
2.48682 0.178958
1.12988 0.878048
0.34916 1.98557
1.59714 0.542017
2.92042 0.0847254
1.60956 0.534821
0.342462 2.00165
0.648161 1.42782
2.72146 0.12272
0.715464 1.33206
0.729733 1.31276
0.00587783 3.69921
0.00867526 3.63611
1.29462 0.743365
1.30663 0.734317
0.893594 1.11239
2.74169 0.118469
0.00106558 4.13164
1.34387 0.706856
0.483961 1.70127
1.3537 0.699755
0.4955 1.67983
0.660181 1.41012
0.0395577 3.24399
0.509914 1.65358
1.39932 0.667609
0.693922 1.36184
0.397488 1.87562
6.48465e-07 4.00322
0.500974 1.66979
3.33747 0.0299722
1.45267 0.631602
3.11809 0.0548446
1.66217 0.505162
0.0825095 2.93353
1.50101 0.60038
0.978939 1.02129
0.97806 1.02218
2.26386 0.245409
2.94972 0.0798212
1.84136 0.413492
0.138932 2.64799
0.620916 1.46899
2.65725 0.136821
0.138932 2.64799
0.0292716 3.34491
2.08699 0.308425
0.548665 1.58579
0.025669 3.38481
0.179419 2.4851
0.743803 1.29404
0.744876 1.29263
0.574495 1.54268
2.85868 0.0956268
0.980743 1.01944
0.602795 1.4972
1.01577 0.984357
0.195019 2.42858
0.212484 2.36864
1.72829 0.469713
0.217229 2.35292
1.81054 0.428289
0.526393 1.62427
3.06278 0.0624596
1.0788 0.924189
1.79287 0.436946
1.79363 0.436572
0.326664 2.04048
0.000292072 3.93193
2.38505 0.207608
2.8877 0.090406
2.00411 0.341448
0.0495133 3.15945
2.09449 0.305548
1.99196 0.346489
0.21819 2.34976
6.05464e-10 3.9999
1.66991 0.50091
0.82046 1.19729
1.6156 0.531352
0.789964 1.23477
0.0933368 2.87129
1.65045 0.511655
2.5122 0.17223
0.539361 1.60171
2.28647 0.238038
1.74588 0.46061
2.04832 0.323539
0.000390349 3.92136
1.65585 0.508657
0.11382 2.76433
0.988609 1.01146
0.667117 1.40003
0.869328 1.13982
2.42239 0.196778
1.22556 0.797357
0.135037 2.66514
0.330616 2.03065
1.34878 0.703304
1.85574 0.406718
1.02272 0.977531
0.605913 1.4923
0.000272969 3.93419
0.744876 1.29263
0.903842 1.10102
2.81655 0.103517
2.45564 0.187448
0.0617262 3.06794
0.0527722 3.13388
0.394962 1.88112
0.171677 2.51432
1.5214 0.587599
2.57796 0.155548
2.71466 0.124169
0.901038 1.10412
2.69121 0.129246
1.06174 0.940111
2.45386 0.187938
0.510387 1.65273
0.343519 1.9991
0.143236 2.62937
0.3016 2.10487
0.001798 3.83219
0.250291 2.24913
1.81644 0.425428
0.165957 2.53644
2.01131 0.338483
2.29158 0.236395
0.362734 1.95364
0.948656 1.0527
1.50601 0.597227
0.385974 1.9009
0.00918851 3.62576
0.218129 2.34996
0.657637 1.41384
0.221318 2.33954
0.0616646 3.06837
1.35143 0.701391
0.706228 1.34473
0.262813 2.2122
3.6343 0.00876408
4.00516 1.66338e-06
2.05315 0.321624
2.31191 0.229922
3.58465 0.0113813
0.040984 3.2312
0.140463 2.64133
0.398465 1.8735
3.68066 0.00664157
7.47726e-05 3.96549
1.20586 0.813395
0.000817293 3.88646
2.24875 0.250416
2.98476 0.0741767
0.460197 1.74668
1.85031 0.409264
1.89643 0.387994
3.00848 0.0704925
0.578803 1.53564
2.13441 0.290563
0.461905 1.74336
1.04217 0.958703
0.107376 2.79664
0.0494464 3.15998
1.12216 0.884881
1.07626 0.926538
2.57286 0.156804
0.380556 1.91299
2.78338 0.109993
0.0957006 2.85828
0.00925747 3.62439
1.06014 0.941618
2.73659 0.119533
0.0093756 3.62206
1.24407 0.782558
1.79418 0.436301
1.19043 0.826155
0.51026 1.65296
0.0506235 3.15064
0.456311 1.75428
0.0305217 3.3317
1.90757 0.382976
3.41466 0.0231401
0.0737219 2.98765
1.57376 0.555779
0.638231 1.44266
0.0543035 3.12218
0.644083 1.43389
1.50986 0.594806
0.162085 2.55169
0.252839 2.24152
0.123931 2.71578
0.242617 2.27237
0.121746 2.72606
0.180865 2.47974
3.93041 0.000305321
2.23775 0.254106
0.342119 2.00248
2.89503 0.0891152
0.087238 2.90579
0.396685 1.87737
2.90104 0.0880645
0.454713 1.75742
0.464558 1.73822
0.660309 1.40993
3.14077 0.0518828
0.52038 1.63489
0.520824 1.6341
0.0108431 3.59432
0.636679 1.44499
0.595419 1.50888
0.0176919 3.48565
1.89317 0.389472
0.966319 1.03426
0.981267 1.01891
1.25358 0.775041
1.61256 0.533094
1.6605 0.506083
1.49474 0.604358
1.03765 0.963045
1.04124 0.959596
2.09449 0.305548
1.23188 0.792275
1.04725 0.953837
1.22428 0.798394
1.53951 0.57643
1.17734 0.837128
1.8317 0.418085
1.83432 0.416838
1.891 0.390453
1.34197 0.70823
2.16353 0.279953
1.12305 0.884087
2.33307 0.223312
0.97309 1.02728
0.977159 1.02311
2.31553 0.228783
0.626171 1.46093
0.0132714 3.55246
1.97602 0.35318
0.617193 1.47473
0.293908 2.12538
2.35278 0.217271
1.32992 0.717034
0.262788 2.21227
0.0205064 3.4477
0.305992 2.09333
1.04375 0.95719
0.626305 1.46073
0.41481 1.83858
0.539668 1.60118
0.122459 2.72269
1.38523 0.677396
1.53904 0.57672
0.677305 1.38536
0.712025 1.33676
0.713972 1.3341
1.52845 0.583229
0.0033861 3.77063
0.779929 1.24739
0.944123 1.05748
0.921348 1.08187
0.00193777 3.82586
0.317623 2.0633
2.22863 0.25719
1.98532 0.349266
0.82046 1.19729
0.803369 1.21814
0.0446612 3.19933
3.79487 0.00269965
0.49525 1.68029
0.0511686 3.14635
1.71113 0.478726
2.62846 0.143449
0.739301 1.3
0.948909 1.05243
0.33129 2.02898
1.02384 0.976443
0.149691 2.60209
1.70984 0.479405
0.000548287 3.90689
1.16122 0.850824
0.805575 1.21542
1.49291 0.605523
1.55889 0.564669
1.73109 0.468252
0.867219 1.14223
1.04375 0.95719
3.18202 0.0467335
0.868339 1.14095
0.581581 1.53112
0.582071 1.53033
0.591742 1.51475
1.42548 0.649745
2.57107 0.157247
0.487352 1.69493
0.486563 1.6964
0.328394 2.03617
0.500864 1.66999
1.54901 0.570641
0.00487937 4.28429
0.248609 2.25418
2.04409 0.325224
2.09369 0.305856
3.4188 0.0228014
0.117563 2.74606
1.29455 0.743419
1.27977 0.754696
0.0831691 2.92961
0.689151 1.36855
0.0687365 3.02003
0.57866 1.53587
0.182699 2.47297
1.47987 0.613875
1.93421 0.371175
3.88936 0.000775845
0.951594 1.04961
0.00495429 3.72341
1.44728 0.635165
0.722574 1.3224
1.3795 0.681417
1.71534 0.476501
1.54343 0.574034
0.320438 2.05615
1.08769 0.915993
0.656442 1.4156
0.385974 1.9009
1.18889 0.827445
3.58113 0.0115807
1.60411 0.537973
1.66344 0.504464
4.01967 2.41308e-05
0.986433 1.01366
0.0229653 3.41679
0.587482 1.52159
0.919308 1.08409
3.95526 0.000125825
0.7287 1.31414
1.87668 0.397001
0.0760007 2.97327
1.52107 0.587801
2.0471 0.324026
0.812137 1.20739
0.46719 1.73314
2.69121 0.129246
1.01258 0.987497
1.9232 0.37602
0.572747 1.54555
0.000808454 3.88708
1.39049 0.67373
0.553688 1.57728
1.05523 0.94625
0.465886 1.73565
0.47469 1.71878
0.442854 1.78096
0.268974 2.19447
0.47717 1.71407
1.83971 0.414275
0.0487045 3.16594
0.213642 2.36479
2.09449 0.305548
0.31426 2.0719
0.119772 2.73545
1.56287 0.562276
0.120659 2.73122
1.58011 0.552012
2.01793 0.335774
0.171134 2.5164
0.28605 2.1467
3.45128 0.0202314
0.169906 2.52112
1.85669 0.406272
0.164798 2.54098
1.8916 0.39018
2.43728 0.192563
0.0129462 3.55782
1.13206 0.876128
1.12748 0.880167
1.55313 0.568146
2.63021 0.143041
2.63498 0.141932
1.06074 0.941049
1.06014 0.941618
0.0266395 3.37377
3.05282 0.0638918
1.0439 0.957046
0.584658 1.52614
1.02081 0.979402
1.01731 0.982834
0.624414 1.46362
0.0129462 3.55782
1.11285 0.89318
2.93399 0.0824328
2.92175 0.0844994
0.954623 1.04643
